19:19:7:749,0,6.0,19.0,0,0
19:19:8:749,0,6.1,9.5,0,0
19:19:9:749,0,6.1,6.3,0,0
19:19:10:749,0,6.1,4.7,0,0
19:19:11:749,1,6.2,4.0,0,0
19:19:12:749,2,6.2,3.3,2,2
19:19:13:749,3,6.2,2.8,8,6
19:19:14:749,4,6.2,2.5,20,12
19:19:15:739,5,6.2,2.2,40,20
19:19:16:739,6,6.2,2.0,70,30
19:19:17:749,7,6.2,1.8,112,42
19:19:18:749,8,6.2,1.6,168,56
19:19:19:749,9,6.2,1.6,240,72
19:19:20:749,9,6.2,1.5,320,80
19:19:21:739,10,6.2,1.5,418,98
19:19:22:749,11,6.3,1.5,536,118
19:19:23:749,12,6.3,1.4,675,139
19:19:24:749,13,6.4,1.4,837,162
19:19:25:749,14,6.7,1.3,1024,187
19:19:26:739,15,7.1,1.3,1238,214
19:19:27:749,16,7.1,1.3,1481,243
19:19:28:749,17,7.3,1.3,1755,274
19:19:29:749,18,7.9,1.3,2062,307
19:19:30:749,19,7.9,1.3,2404,342
19:19:31:749,19,7.9,1.3,2764,360
19:19:32:749,20,8.0,1.3,3161,397
19:19:33:749,21,8.0,1.3,3597,436
19:19:34:749,22,8.0,1.3,4073,476
19:19:35:749,23,8.0,1.3,4591,518
19:19:36:749,24,8.0,1.3,5153,562
19:19:37:749,25,5.5,1.4,5761,608
19:19:38:749,26,5.5,1.4,6417,656
19:19:39:749,27,5.5,1.4,7123,706
19:19:40:749,28,5.5,1.4,7881,758
19:19:41:749,29,5.5,1.4,8693,812
19:19:42:749,29,5.6,1.5,9533,840
19:19:43:749,30,5.6,1.5,10429,896
19:19:44:749,31,5.6,1.5,11383,954
19:19:45:749,32,5.6,1.5,12397,1014
19:19:46:749,33,5.6,1.5,13471,1074
19:19:47:749,34,5.7,1.5,14609,1138
19:19:48:749,35,6.1,1.5,15812,1203
19:19:49:749,36,6.5,1.6,17081,1269
19:19:50:749,37,6.5,1.7,18420,1339
19:19:51:749,38,6.6,1.7,19830,1410
19:19:52:749,38,6.6,1.8,21312,1482
19:19:53:749,39,6.6,1.9,22832,1520
19:19:54:749,40,6.6,1.9,24428,1596
19:19:55:749,40,6.7,2.0,26068,1640
19:19:56:749,40,6.7,2.1,27708,1640
19:19:57:749,40,6.7,2.2,29348,1640
19:19:58:749,40,6.7,2.3,30988,1640
19:19:59:749,40,6.7,2.3,32628,1640
19:20:0:749,40,6.7,2.4,34268,1640
19:20:1:749,40,6.7,2.5,35908,1640
19:20:2:749,40,6.7,2.5,37548,1640
19:20:3:749,40,6.7,2.6,39188,1640
19:20:4:749,40,6.7,2.6,40828,1640
19:20:5:749,40,6.7,2.7,42468,1640
19:20:6:749,40,6.7,2.7,44108,1640
19:20:7:749,40,6.7,2.7,45666,1558
19:20:8:749,40,6.7,2.8,47388,1722
19:20:9:749,40,6.7,2.9,49028,1640
19:20:10:749,40,6.7,3.0,50668,1640
19:20:11:749,40,6.7,3.1,52308,1640
19:20:12:749,40,6.7,3.1,53948,1640
19:20:13:749,40,6.7,3.1,55588,1640
19:20:14:749,40,7.3,3.2,57228,1640
19:20:15:749,40,8.4,3.2,58868,1640
19:20:16:749,40,8.4,3.3,60508,1640
19:20:17:749,40,8.4,3.3,62148,1640
19:20:18:749,40,8.4,3.3,63788,1640
19:20:19:749,40,8.4,3.4,65428,1640
19:20:20:749,40,8.4,3.4,67068,1640
19:20:21:749,40,8.4,3.4,68708,1640
19:20:22:749,40,8.4,3.4,70348,1640
19:20:23:749,40,8.4,3.5,71947,1599
19:20:24:749,40,8.4,3.5,73628,1681
19:20:25:749,40,8.4,3.6,75268,1640
19:20:26:749,40,8.4,3.6,76908,1640
19:20:27:749,40,8.4,3.6,78548,1640
19:20:28:749,40,8.4,3.7,80188,1640
19:20:29:749,40,8.4,3.7,81746,1558
19:20:30:759,40,8.4,3.7,83468,1722
19:20:31:749,40,8.4,3.7,85108,1640
19:20:32:749,40,8.4,3.7,86748,1640
19:20:33:749,40,8.4,3.7,88388,1640
19:20:34:749,40,8.4,3.8,90028,1640
19:20:35:749,40,8.5,3.8,91668,1640
19:20:36:749,40,8.5,3.8,93308,1640
19:20:37:749,40,8.5,3.8,94948,1640
19:20:38:749,40,8.5,3.8,96588,1640
19:20:39:749,40,8.5,3.8,98228,1640
19:20:40:749,40,8.5,3.9,99868,1640
19:20:41:749,40,8.5,3.9,101508,1640
19:20:42:749,40,5.5,3.9,103148,1640
19:20:43:749,40,5.5,4.0,104788,1640
19:20:44:749,40,5.5,4.0,106428,1640
19:20:45:749,40,5.6,4.0,108068,1640
19:20:46:749,40,5.6,4.0,109708,1640
19:20:47:749,40,5.6,4.0,111348,1640
19:20:48:749,40,5.6,4.0,112988,1640
19:20:49:749,40,5.6,4.1,114546,1558
19:20:50:749,40,5.7,4.1,116186,1640
19:20:51:749,40,5.7,4.1,117908,1722
19:20:52:749,40,6.5,4.1,119548,1640
19:20:53:749,40,6.5,4.1,121188,1640
19:20:54:749,40,6.6,4.1,122828,1640
19:20:55:749,40,6.6,4.1,124468,1640
19:20:56:749,40,6.6,4.1,126108,1640
19:20:57:749,40,6.7,4.1,127748,1640
19:20:58:749,40,6.7,4.1,129388,1640
19:20:59:749,40,6.7,4.2,131028,1640
19:21:0:749,40,6.7,4.2,132668,1640
19:21:1:749,40,6.7,4.2,134267,1599
19:21:2:749,40,6.8,4.2,135948,1681
19:21:3:749,40,6.8,4.2,137588,1640
19:21:4:749,40,6.8,4.2,139228,1640
19:21:5:749,40,6.8,4.3,140868,1640
19:21:6:749,40,6.8,4.3,142508,1640
19:21:7:749,40,6.8,4.3,144148,1640
19:21:8:749,40,6.8,4.3,145788,1640
19:21:9:749,40,6.8,4.3,147428,1640
19:21:10:749,40,6.8,4.3,149068,1640
19:21:11:749,40,6.8,4.3,150708,1640
19:21:12:749,40,6.8,4.3,152348,1640
19:21:13:749,40,6.8,4.3,153988,1640
19:21:14:749,40,6.8,4.4,155628,1640
19:21:15:749,40,6.8,4.4,157268,1640
19:21:16:749,40,6.8,4.4,158908,1640
19:21:17:749,40,7.6,4.4,160548,1640
19:21:18:749,40,8.4,4.4,162188,1640
19:21:19:749,40,8.4,4.4,163746,1558
19:21:20:749,40,8.4,4.4,165468,1722
19:21:21:749,40,8.4,4.4,167108,1640
19:21:22:749,40,8.4,4.4,168748,1640
19:21:23:749,40,8.4,4.4,170388,1640
19:21:24:749,40,8.4,4.4,172028,1640
19:21:25:749,40,8.4,4.5,173668,1640
19:21:26:749,40,8.4,4.5,175308,1640
19:21:27:749,40,8.4,4.5,176948,1640
19:21:28:749,40,8.4,4.5,178588,1640
19:21:29:749,40,8.4,4.5,180228,1640
19:21:30:749,40,8.4,4.5,181868,1640
19:21:31:749,40,8.4,4.5,183508,1640
19:21:32:749,40,8.4,4.5,185148,1640
19:21:33:749,40,8.4,4.5,186788,1640
19:21:34:749,40,8.4,4.5,188428,1640
19:21:35:749,40,8.4,4.5,190068,1640
19:21:36:749,40,7.7,4.5,191708,1640
19:21:37:749,40,7.8,4.5,193348,1640
19:21:38:749,40,7.8,4.5,194988,1640
19:21:39:749,40,7.8,4.5,196628,1640
19:21:40:749,40,7.8,4.5,198268,1640
19:21:41:749,40,7.9,4.5,199908,1640
19:21:42:749,40,7.9,4.5,201548,1640
19:21:43:749,40,7.9,4.5,203188,1640
19:21:44:749,40,7.9,4.5,204787,1599
19:21:45:749,40,8.0,4.6,206468,1681
19:21:46:749,40,8.0,4.6,208026,1558
19:21:47:749,40,8.0,4.6,209748,1722
19:21:48:749,40,8.1,4.6,211388,1640
19:21:49:749,40,8.1,4.6,213028,1640
19:21:50:749,40,8.1,4.6,214586,1558
19:21:51:749,40,8.2,4.6,216308,1722
19:21:52:749,40,5.5,4.6,217948,1640
19:21:53:749,40,5.5,4.6,219588,1640
19:21:54:749,40,5.5,4.6,221228,1640
19:21:55:749,40,5.6,4.6,222868,1640
19:21:56:749,40,5.6,4.6,224508,1640
19:21:57:749,40,5.6,4.7,226148,1640
19:21:58:749,40,5.6,4.7,227788,1640
19:21:59:749,40,5.6,4.6,229428,1640
19:22:0:749,40,5.7,4.6,231068,1640
19:22:1:749,40,5.8,4.6,232708,1640
19:22:2:749,40,6.5,4.6,234348,1640
19:22:3:749,40,6.5,4.7,235988,1640
19:22:4:749,40,6.6,4.6,237628,1640
19:22:5:749,40,6.6,4.7,239268,1640
19:22:6:749,40,6.6,4.7,240908,1640
19:22:7:749,40,6.7,4.7,242548,1640
19:22:8:749,40,6.7,4.6,244188,1640
19:22:9:749,40,6.7,4.7,245828,1640
19:22:10:749,40,6.7,4.7,247468,1640
19:22:11:749,40,6.7,4.7,249108,1640
19:22:12:749,40,6.8,4.7,250748,1640
19:22:13:749,40,6.8,4.7,252388,1640
19:22:14:749,40,6.8,4.7,254028,1640
19:22:15:749,40,6.8,4.7,255668,1640
19:22:16:749,40,6.8,4.7,257226,1558
19:22:17:749,40,6.8,4.7,258948,1722
19:22:18:749,40,6.8,4.7,260588,1640
19:22:19:749,40,6.8,4.7,262228,1640
19:22:20:749,40,6.8,4.7,263868,1640
19:22:21:749,40,6.8,4.7,265508,1640
19:22:22:749,40,6.8,4.7,267148,1640
19:22:23:749,40,6.8,4.7,268788,1640
19:22:24:749,40,6.8,4.7,270428,1640
19:22:25:749,40,6.8,4.7,272068,1640
19:22:26:749,40,6.8,4.7,273708,1640
19:22:27:749,40,6.8,4.7,275348,1640
19:22:28:749,40,8.2,4.7,276988,1640
19:22:29:749,40,8.4,4.7,278628,1640
19:22:30:749,40,8.4,4.7,280186,1558
19:22:31:749,40,8.4,4.7,281908,1722
19:22:32:749,39,8.4,4.7,283475,1567
19:22:33:749,38,8.4,4.7,284969,1494
19:22:34:749,37,8.4,4.7,286389,1420
19:22:35:749,36,8.4,4.7,287701,1312
19:22:36:749,35,8.4,4.7,289017,1316
19:22:37:749,34,8.4,4.7,290230,1213
19:22:38:749,33,8.4,4.7,291377,1147
19:22:39:749,32,8.4,4.7,292461,1084
19:22:40:749,32,8.4,4.7,293517,1056
19:22:41:749,31,8.4,4.7,294509,992
19:22:42:749,30,8.4,4.7,295441,932
19:22:43:749,29,8.4,4.7,296317,876
19:22:44:749,28,8.4,4.7,297137,820
19:22:45:749,27,8.4,4.7,297903,766
19:22:46:749,26,8.4,4.7,298618,715
19:22:47:749,25,8.4,4.7,299281,663
19:22:48:749,24,8.4,4.6,299897,616
19:22:49:749,23,8.4,4.6,300466,569
19:22:50:749,22,7.8,4.6,300991,525
19:22:51:749,22,7.8,4.6,301497,506
19:22:52:749,21,7.8,4.6,301959,462
19:22:53:749,20,7.8,4.6,302380,421
19:22:54:749,19,7.8,4.6,302764,384
19:22:55:749,18,7.8,4.6,303111,347
19:22:56:749,17,7.8,4.6,303423,312
19:22:57:749,16,7.8,4.6,303702,279
19:22:58:749,15,7.9,4.5,303949,247
19:22:59:749,14,7.9,4.5,304168,219
19:23:0:749,13,7.9,4.5,304360,192
19:23:1:749,12,7.9,4.5,304527,167
19:23:2:749,12,7.9,4.5,304683,156
19:23:3:749,11,7.9,4.5,304815,132
19:23:4:749,10,7.9,4.5,304925,110
19:23:5:749,9,7.9,4.5,305017,92
19:23:6:739,8,7.9,4.5,305091,74
19:23:7:749,7,7.9,4.4,305149,58
19:23:8:739,6,7.9,4.4,305193,44
19:23:9:739,5,7.9,4.4,305225,32
19:23:10:749,4,7.9,4.4,305247,22
19:23:11:749,3,7.9,4.4,305261,14
19:23:12:739,2,7.9,4.4,305269,8
19:23:13:739,2,7.9,4.4,305275,6
19:23:14:749,1,7.9,4.3,305278,3
19:23:15:749,0,7.9,4.3,305278,0
19:23:16:739,0,7.9,4.3,305278,0
19:23:17:749,0,7.9,4.3,305278,0
19:23:18:749,0,8.0,4.3,305278,0
19:23:19:749,0,8.0,4.3,305278,0
19:23:20:749,0,8.0,4.2,305278,0
19:23:21:749,0,8.0,4.2,305278,0
19:23:22:749,0,8.0,4.2,305278,0
19:23:23:739,0,8.0,4.2,305278,0
19:23:24:749,0,8.0,4.2,305278,0
19:23:25:749,0,8.0,4.2,305278,0
19:23:26:739,0,8.0,4.1,305278,0
19:23:27:749,0,8.0,4.1,305278,0
19:23:28:749,0,8.0,4.1,305278,0
19:23:29:749,0,8.0,4.1,305278,0
19:23:30:749,0,8.0,4.1,305278,0
19:23:31:739,0,8.0,4.1,305278,0
19:23:32:749,0,8.0,4.1,305278,0
19:23:33:749,0,8.0,4.0,305278,0
19:23:34:739,0,8.0,4.0,305278,0
19:23:35:749,0,8.0,4.0,305278,0
19:23:36:739,0,8.0,4.0,305278,0
19:23:37:749,0,8.0,4.0,305278,0
19:23:38:749,0,8.0,4.0,305278,0
19:23:39:739,0,8.0,4.0,305278,0
19:23:40:749,0,8.0,3.9,305278,0
19:23:41:739,0,8.0,3.9,305278,0
19:23:42:749,0,8.0,3.9,305278,0
19:23:43:749,0,8.0,3.9,305278,0
19:23:44:749,0,8.0,3.9,305278,0
19:23:45:749,0,8.0,3.9,305278,0
